81455778
39297151
28230379
16765540
71300084
52783644
27672002
76509671
46436367
42301157
48052550
43800347
18836538
86110978
28648335
37249665
74529608
82400144
66105040
32589293
19661530
13951534
17804031
58828434
41447424
32867675
51589022
26155626
32128451
58559632
15755905
48398059
69930078
40607673
48098140
45746328
63141252
783055
11506944
8300890
32100326
44367915
48109792
78851091
41812464
49341372
17299328
38095302
44053867
29576608
45369681
32419285
42744820
43956554
44569606
45709126
70776858
34086497
19914922
30248438
52096909
55839784
18851918
5507649
73856143
75501935
73380933
48260151
34152851
32355042
48603341
51261315
46552396
70176050
41220720
66468607
40194313
39329251
3668453
28744820
3429563
36367379
56727421
37376522
42909757
48008124
78430229
48005576
40284493
17919500
34153466
52054492
51974975
42938667
34328751
30688135
51782771
8395944
43920313
39175045
60613490
48147127
35056736
85521637
41252557
34224462
81289921
59691201
16964339
42761709
39203933
85735426
44431183
31573794
33305388
80789603
81853178
42378901
95280375
42761710
47405740
9065309
3544515
38896818
66239221
46606000
50020924
84689751
48580707
34781197
48042203
79299239
42999418
42308692
42737742
66045325
52000004
76757204
31651947
35979256
7795941
26803033
72019213
28442690
47597823
61561048
42632478
52115245
60388302
45964260
48299027
18787006
33852879
28642966
44153793
41609432
41776570
45608227
10210345
42903645
53327011
94878166
42242973
71290872
46033546
35487229
40486467
83329016
62375913
45486066
34136234
39065911
46676095
32906659
48825712
48448791
29755147
70572102
45279322
43263931
44430961
41125106
34549343
19613898
67593401
37800370
33260915
40154131
29446151
50318836
33361371
80017034
41232186
53826267
3160276
25968164
43808070
75890687
14957379
44129116
73709337
22607442
62314521
34607879
33833107
41284261
45737176
73757655
35422999
74142153
48096953
33974963
87732968
84807348
47739215
33602753
43479176
38777756
73695125
59774754
47507208
46993120
32576528
45178107
53504515
60071575
43178218
61667701
45730847
66946866
47881043
60494202
78821481
34074489
42166874
70795660
33862415
46431338
55569058
39485169
66765784
80429287
43272431
45678220
33121984
70419532
26252259
56948605
34604317
86389638
16083251
48544701
28789564
24278165
57745233
9282594
30966485
10841140
35334267
14663128
33755915
74100386
22477509
71158089
34608972
36286150
44693245
31357155
58708438
76824367
51342140
38205367
42832094
2622342
48717171
21465176
37853823
48677636
48252688
48148384
29279714
43921409
33657609
39519162
51683868
27323251
74280869
82484140
29474654
34999834
29368563
61273736
66531347
7112315
26016219
84508931
71684613
46862546
82781232
84464205
44542906
40780842
51869385
47390679
48784538
48425328
36513603
43340211
71183648
45790594
46244418
53613749
59610421
41996403
94412390
32065277
42940570
56421620
48794254
34346192
76448078
47068935
38939558
31324415
48014401
55287938
48744244
34189796
34801100
17587939
43005610
19660179
41963604
42087322
52383248
33170093
43888527
33668231
46632674
44954190
61101440
36895746
37280396
29351357
68660031
39399518
47722519
65303624
46824496
28769576
48249116
60938193
75137771
84591840
48896304
40841590
37083614
33315664
78480436
45322984
41811131
47709802
37198257
39728756
24003805
49713827
31357866
44993529
23456127
83092578
48058157
36934601
46439757
48610784
65452673
53432582
33967581
48497378
48197835
49761350
44102514
76323319
47723123
44058510
53038189
34677600
34221697
40458269
50565007
85081289
46022105
85808592
71636209
47157463
33299967
33610770
39827291
72298072
22572122
13405381
45174940
51933661
44162972
47328058
28753606
47635114
39307293
49810468
32617515
85800021
45116220
33854271
41118421
36513314
31418277
39412721
51226528
59769337
42167796
26634640
11883310
26002995
42737489
48199509
35401043
72915860
33825303
78959495
45171442
13049915
36483569
46168514
38734534
38721823
48620445
53001115
33920517
39193436
48543886
50624655
7251074
47726744
22646292
28239908
42632796
18631217
24307373
52274185
12722234
23462837
47657706
68178848
69687377
25150430
6867131
66063315
61293719
31301164
17718999
49352932
44548065
22413938
321672
46870018
19728526
63714077
60285009
38460016
44504207
35246107
38519685
73578497
35595670
42297545
38163542
53685918
48359042
47898504
47424512
49009160
56040642
97561105
43011759
43611423
28795685
8277989
44763512
44766108
33327913
33498349
43896588
42203284
60364777
20234925
48571499
34093696
45007999
48732026
48010084
47669815
86678360
18088832
60650051
79171715
51530092
34459573
48199371
42907708
48934401
39222616
43277617
21306041
77597223
28532099
24111551
37852489
69602223
39778578
46748260
44949750
11702103
47940800
30554975
11981631
33922005
31127803
37741088
48448902
93129773
11756994
38096585
32644895
46306564
65152331
47705021
47982246
78785240
45684130
84330795
59512758
37199182
49768482
39714090
68187696
46056085
36886952
52450154
33261982
43010018
44367418
64320338
78137939
33633434
44849200
66842009
34359526
52208600
48199879
30162935
47507125
18883618
39676968
40688921
45041046
34171192
45002242
22474978
33240624
33427215
48344034
11535122
70409331
39363612
47223144
27407740
35875882
44428834
47975157
48425229
53613235
33751454
74124726
77297689
31455584
45102442
35968581
43003741
43552688
47307803
43037080
42009900
68450746
83596958
47311040
81588891
94046873
65470231
83726661
73709221
5516657
45545760
19032449
35279135
36273722
48244537
42760898
44877520
72687854
97648073
47404314
48613927
42772393
69274674
42631500
73254353
10526644
82541174
41076052
35948171
80014038
32360086
76211578
69618890
53171384
11085545
30233007
52228425
26294752
18760239
46315221
59617554
16475977
71986995
51622978
34682997
42539115
8082924
45035186
36275069
50860791
35592277
14728428
29671475
34711518
49971682
67035905
34070793
1832742
38252734
39033995
35544193
37207853
33173347
37294273
80725685
52559918
86459812
48641095
38749782
43710187
41661406
14173205
63158981
47828028
60504966
34490602
38771245
43405798
43014519
22036335
45060991
34904129
41081928
48180047
29950638
34936963
71609758
44363924
45433534
60977174
95475422
7394897
44028584
37226998
46882612
36843529
37267384
50159443
46258908
47388593
72495270
39064422
4528202
46495055
87387341
5496539
47323725
63334705
83626385
78609951
69941877
47044647
80918613
51328271
48090027
33650010
35526900
85399982
48406198
40607349
48248201
78239110
65663003
48426031
51966045
47904560
48260407
52383999
43415495
47788125
47726553
34501663
44632761
46515573
36504219
36461302
69466654
40125372
56636131
11247822
48569110
53075785
40510444
45646949
59116717
69198879
32187577
45136212
33891274
84603563
21957042
46667156
44950261
48929099
63301915
31495387
66261930
40494580
33353332
42633258
48106971
35190263
35320861
32474919
42612632
45944149
47477339
41065834
79310377
43338523
46054129
48835167
46270713
71842955
27134257
83749015
43246891
82551919
28481567
39456749
42906109
32036171
44429853
41482367
41324348
42726469
50292055
79310138
82433462
42910256
53203997
24891295
63810497
39653839
47650528
48029882
48057124
33853489
34615478
47894403
42907100
36087073
59373322
42729668
42243768
48729881
71360138
30042079
42137270
42941453
43120241
42245411
29498423
60058531
48098681
45173768
56214830
85146062
33788941
28420421
48057160
42698346
47419647
34680640
42942134
51346210
38088971
80968314
39875067
44644206
33970969
28312049
62339741
42709635
47763964
42768270
47079395
46613988
19026791
60366360
33520586
49705095
33398046
29439748
86614744
44771879
10061593
14898607
45032948
36782307
30669095
47974848
34346507
45350968
44883569
34546896
49151110
48551396
6721252
53263444
10641302
38060761
86043797
29112630
47725345
13306663
31402994
42198771
48173132
49039405
69659774
18960778
43541782
39416634
85602680
4791214
63455381
46434161
20078385
30048573
36579049
33974959
45750639
65464361
48058671
48058671
34052608
45142542
71754804
81532118
53010311
61805267
42244767
73807739
83692491
48293482
39178961
53330094
44353317
42940341
12659819
46913843
61184561
45247746
43387428
96932254
42776503
42775006
39767406
42740131
47252876
71715116
44149311
48037115
31143530
47911936
45550003
39883877
23393741
37945100
33826718
44565655
45843552
58978595
61563431
17449427
42452913
74841851
69405176
95521473
42938347
44914678
33855570
39337997
47653871
32219550
61198798
42791465
47217814
6119716
89930315
54632058
46607300
19066457
65309806
65811160
60284318
43506338
49619236
68678289
72418202
42765879
43687688
39338111
46723392
70863316
58087980
28705484
45196710
80085418
34179043
47274509
44693040
63935820
47255063
40752435
62968826
47153707
51048517
52454811
43006906
65017800
41501142
66536503
48111509
40287466
60849285
69631173
24330039
24536694
66049174
30144146
44318220
44213837
22901897
46990220
66735868
17994723
30337528
20506800
31109722
64415416
53329612
3495334
10482632
84481062
51935821
36491798
45014133
40090148
92164894
37123597
58645224
60321816
41386349
45490997
83533062
48589021
62807475
47870118
69599864
45974827
65147692
42568128
46900753
40528363
78690897
69783630
22034097
77948008
29480604
47428048
73168426
48033466
47984181
35963771
48551486
84216241
31195238
70320889
34112141
45639357
45066914
34175280
33600234
47320804
46399241
28020720
75711354
25432632
34345411
16647868
80343772
73399024
85455575
35531346
33248179
63148985
9580980
50135090
45678669
50720882
23855135
42871626
74763838
40152126
25704724
78044195
47955640
42974266
36926917
42025106
69514953
38155645
34125730
29857748
26460008
36149435
43736807
98149096
45004881
73261913
54023687
35308345
84675760
80750398
46216743
32613841
38541548
44537714
46063814
62471542
47755954
42955353
33968583
38100981
75137062
35472607
23851344
43380181
48211841
50239295
21332654
75590039
43004063
41163067
93715120
15465748
10716075
60840965
34080956
52170843
42903246
70162657
46573056
38465153
48060643
48523148
84956229
42020808
33444243
81732130
61388573
47678175
39527229
41898669
34347796
34581894
45743558
47213299
42733699
34724043
3150367
32279939
58882992
51505784
10050575
77901715
19469354
83533570
54964815
48448365
46491886
41305000
43884694
53541555
47216055
29223998
70976260
31984314
57977010
33149425
35586577
33885508
74255932
31906777
84331423
63298856
53352954
77676269
43112985
49153240
69982447
73139820
48046144
43817643
46958246
44056718
94330895
16526856
61409259
56870730
32801402
18221848
56856143
31720359
94706427
47357003
73295943
48525934
47620125
8136813
40099581
46341537
70066044
82052822
24040011
29852463
33725802
33385869
33824280
66622636
78968575
43121054
43063577
43378920
85438512
20313441
36820985
12540464
42943320
42036727
49407634
87220084
28565916
39171222
34183548
64659282
48319575
48070815
65099582
37810937
43319726
42133393
51684498
47820484
46830409
64341124
42949300
51797560
24923326
35509806
46068212
66250275
59489631
34111030
42881133
43153676
35476086
36011590
45791166
49477948
44367144
79347989
46570193
35806683
33176814
48973810
34862181
42775069
46738937
59953471
43008102
37141490
50156628
70036036
66271132
42133170
44286214
60629397
48246457
43077113
46435255
46369412
30557706
26993435
39294247
84403859
84406838
39727183
78558052
71050400
34716121
31631465
42791392
33629404
36370267
15237172
37127089
49259595
46992009
45941195
44091814
82491609
24364085
37761476
43974918
42986518
32294368
16569231
38865566
42299799
36250891
40795188
44922327
45915838
27154710
39731762
60088065
75405775
72145308
44911500
47096244
53913225
68118190
29647941
63511542
35498819
42867364
26635808
41927365
43663106
46376247
71435708
74796245
43824874
48905654
46603827
33178245
35307270
95074272
14494612
36161682
46284452
33840702
44767099
51223451
32498799
52162151
48555807
32128413
71025396
52493853
47867746
48169273
34081558
19183337
41186026
24125696
37326545
40355841
87330222
16205473
40883263
33928245
29946153
35540373
43414262
84215984
42027350
47847533
68619893
7116795
75453267
31096950
37800789
43156510
42543194
47506143
57882255
42936586
45172508
65514731
41224284
13063048
48001749
51268676
50855288
46246855
78504661
39302804
46420928
91892017
61508317
69240931
19743060
60280753
36087808
94744676
45081734
33369417
43011909
83289474
26685615
36907389
82226354
29617421
36121232
39821967
40690055
21737403
23069126
34606487
42555751
44211498
33321490
84477259
87560790
43718355
72030607
7416176
91687981
45796449
19654780
21729451
43724312
9577651
91225762
48065702
39233530
45393656
65829293
74929140
45828170
47319892
45063262
56795638
42216753
60542929
48087664
48548374
33496428
35886046
42062142
73535369
30238596
75585522
26546876
75418499
45592491
60187457
72077663
65953314
42382454
34866475
40520026
33702557
48140012
95029719
48107388
56339270
69637522
36935458
47844089
51981635
38057220
49158550
51928780
7775884
62419814
37297011
73080060
75805671
7452180
95591217
43251514
43826517
35502781
64582164
90595573
93255621
70940609
84001635
41987547
42674065
35221831
18722264
34883980
27487614
32831407
20810594
47132832
34106229
75214138
